{
 "cells": [
  {
   "cell_type": "code",
   "execution_count": 1,
   "metadata": {},
   "outputs": [
    {
     "data": {
      "text/plain": [
       "<module 'householder' from 'C:\\\\Users\\\\Hideki\\\\Desktop\\\\Github\\\\unicamp\\\\MS512\\\\lib\\\\householder.py'>"
      ]
     },
     "execution_count": 1,
     "metadata": {},
     "output_type": "execute_result"
    }
   ],
   "source": [
    "import utils\n",
    "import householder as hh\n",
    "\n",
    "import importlib\n",
    "import numpy as np\n",
    "importlib.reload(utils)\n",
    "importlib.reload(hh)"
   ]
  },
  {
   "cell_type": "markdown",
   "metadata": {},
   "source": [
    "# Inicializando uma matriz de hilbert"
   ]
  },
  {
   "cell_type": "code",
   "execution_count": 2,
   "metadata": {
    "scrolled": true
   },
   "outputs": [
    {
     "data": {
      "text/plain": [
       "array([[ 1.        ,  0.5       ,  0.33333333,  0.25      ,  0.2       ,\n",
       "         0.16666667,  0.14285714,  0.125     ,  0.11111111,  0.1       ,\n",
       "         0.09090909,  0.08333333,  0.07692308],\n",
       "       [ 0.5       ,  0.33333333,  0.25      ,  0.2       ,  0.16666667,\n",
       "         0.14285714,  0.125     ,  0.11111111,  0.1       ,  0.09090909,\n",
       "         0.08333333,  0.07692308,  0.07142857],\n",
       "       [ 0.33333333,  0.25      ,  0.2       ,  0.16666667,  0.14285714,\n",
       "         0.125     ,  0.11111111,  0.1       ,  0.09090909,  0.08333333,\n",
       "         0.07692308,  0.07142857,  0.06666667],\n",
       "       [ 0.25      ,  0.2       ,  0.16666667,  0.14285714,  0.125     ,\n",
       "         0.11111111,  0.1       ,  0.09090909,  0.08333333,  0.07692308,\n",
       "         0.07142857,  0.06666667,  0.0625    ],\n",
       "       [ 0.2       ,  0.16666667,  0.14285714,  0.125     ,  0.11111111,\n",
       "         0.1       ,  0.09090909,  0.08333333,  0.07692308,  0.07142857,\n",
       "         0.06666667,  0.0625    ,  0.05882353],\n",
       "       [ 0.16666667,  0.14285714,  0.125     ,  0.11111111,  0.1       ,\n",
       "         0.09090909,  0.08333333,  0.07692308,  0.07142857,  0.06666667,\n",
       "         0.0625    ,  0.05882353,  0.05555556],\n",
       "       [ 0.14285714,  0.125     ,  0.11111111,  0.1       ,  0.09090909,\n",
       "         0.08333333,  0.07692308,  0.07142857,  0.06666667,  0.0625    ,\n",
       "         0.05882353,  0.05555556,  0.05263158],\n",
       "       [ 0.125     ,  0.11111111,  0.1       ,  0.09090909,  0.08333333,\n",
       "         0.07692308,  0.07142857,  0.06666667,  0.0625    ,  0.05882353,\n",
       "         0.05555556,  0.05263158,  0.05      ],\n",
       "       [ 0.11111111,  0.1       ,  0.09090909,  0.08333333,  0.07692308,\n",
       "         0.07142857,  0.06666667,  0.0625    ,  0.05882353,  0.05555556,\n",
       "         0.05263158,  0.05      ,  0.04761905],\n",
       "       [ 0.1       ,  0.09090909,  0.08333333,  0.07692308,  0.07142857,\n",
       "         0.06666667,  0.0625    ,  0.05882353,  0.05555556,  0.05263158,\n",
       "         0.05      ,  0.04761905,  0.04545455],\n",
       "       [ 0.09090909,  0.08333333,  0.07692308,  0.07142857,  0.06666667,\n",
       "         0.0625    ,  0.05882353,  0.05555556,  0.05263158,  0.05      ,\n",
       "         0.04761905,  0.04545455,  0.04347826],\n",
       "       [ 0.08333333,  0.07692308,  0.07142857,  0.06666667,  0.0625    ,\n",
       "         0.05882353,  0.05555556,  0.05263158,  0.05      ,  0.04761905,\n",
       "         0.04545455,  0.04347826,  0.04166667],\n",
       "       [ 0.07692308,  0.07142857,  0.06666667,  0.0625    ,  0.05882353,\n",
       "         0.05555556,  0.05263158,  0.05      ,  0.04761905,  0.04545455,\n",
       "         0.04347826,  0.04166667,  0.04      ]])"
      ]
     },
     "execution_count": 2,
     "metadata": {},
     "output_type": "execute_result"
    }
   ],
   "source": [
    "H = utils.getHilbert(13)\n",
    "H"
   ]
  },
  {
   "cell_type": "code",
   "execution_count": 3,
   "metadata": {},
   "outputs": [
    {
     "data": {
      "text/plain": [
       "3.1801337551337552"
      ]
     },
     "execution_count": 3,
     "metadata": {},
     "output_type": "execute_result"
    }
   ],
   "source": [
    "utils.norma_mat1(H)"
   ]
  },
  {
   "cell_type": "markdown",
   "metadata": {},
   "source": [
    "# Fazendo a fatoração QR pela classe construida"
   ]
  },
  {
   "cell_type": "code",
   "execution_count": 4,
   "metadata": {
    "collapsed": true,
    "scrolled": true
   },
   "outputs": [],
   "source": [
    "house = hh.HouseHolder([1,2,3])\n",
    "Q2, R2= house.getQR(H)"
   ]
  },
  {
   "cell_type": "markdown",
   "metadata": {},
   "source": [
    "# Fazendo a fatoração QR pela lib do scipy"
   ]
  },
  {
   "cell_type": "code",
   "execution_count": 5,
   "metadata": {
    "collapsed": true
   },
   "outputs": [],
   "source": [
    "import scipy\n",
    "import scipy.linalg\n",
    "\n",
    "Q, R = scipy.linalg.qr(H)"
   ]
  },
  {
   "cell_type": "markdown",
   "metadata": {},
   "source": [
    "# Comparando as matrizes Q"
   ]
  },
  {
   "cell_type": "code",
   "execution_count": 6,
   "metadata": {
    "scrolled": false
   },
   "outputs": [
    {
     "name": "stdout",
     "output_type": "stream",
     "text": [
      "Matriz pelo scipy\n",
      "[[ -7.97900000e-01   5.53400000e-01   2.25600000e-01  -7.58000000e-02\n",
      "    2.23000000e-02  -5.80000000e-03  -1.40000000e-03   3.00000000e-04\n",
      "   -1.00000000e-04  -0.00000000e+00  -0.00000000e+00   0.00000000e+00\n",
      "   -0.00000000e+00]\n",
      " [ -3.98900000e-01  -2.29500000e-01  -6.38200000e-01   5.28100000e-01\n",
      "   -2.90600000e-01   1.24100000e-01   4.35000000e-02  -1.29000000e-02\n",
      "    3.20000000e-03   7.00000000e-04   1.00000000e-04  -0.00000000e+00\n",
      "    0.00000000e+00]\n",
      " [ -2.66000000e-01  -3.21700000e-01  -3.09800000e-01  -2.61200000e-01\n",
      "    5.66100000e-01  -4.90800000e-01  -2.86400000e-01   1.26900000e-01\n",
      "   -4.46000000e-02  -1.26000000e-02  -2.80000000e-03   5.00000000e-04\n",
      "   -1.00000000e-04]\n",
      " [ -1.99500000e-01  -3.17200000e-01  -7.04000000e-02  -4.10700000e-01\n",
      "    1.77500000e-01   3.32100000e-01   5.41400000e-01  -4.31700000e-01\n",
      "    2.34400000e-01   9.43000000e-02   2.86000000e-02  -6.30000000e-03\n",
      "    9.00000000e-04]\n",
      " [ -1.59600000e-01  -2.94200000e-01   7.18000000e-02  -3.33500000e-01\n",
      "   -1.74000000e-01   3.91700000e-01  -1.77000000e-02   4.45100000e-01\n",
      "   -5.07500000e-01  -3.30000000e-01  -1.45000000e-01   4.38000000e-02\n",
      "   -8.10000000e-03]\n",
      " [ -1.33000000e-01  -2.69300000e-01   1.54900000e-01  -2.02100000e-01\n",
      "   -3.23100000e-01   1.16200000e-01  -3.70500000e-01   2.19000000e-01\n",
      "    2.91800000e-01   5.21100000e-01   3.90900000e-01  -1.74000000e-01\n",
      "    4.41000000e-02]\n",
      " [ -1.14000000e-01  -2.46300000e-01   2.03100000e-01  -7.30000000e-02\n",
      "   -3.23900000e-01  -1.54000000e-01  -2.94800000e-01  -2.44600000e-01\n",
      "    3.40100000e-01  -1.70900000e-01  -5.17200000e-01   4.09900000e-01\n",
      "   -1.54900000e-01]\n",
      " [ -9.97000000e-02  -2.26100000e-01   2.30700000e-01   3.76000000e-02\n",
      "   -2.41100000e-01  -3.00600000e-01  -2.21000000e-02  -3.58300000e-01\n",
      "   -1.34600000e-01  -3.84500000e-01   1.40600000e-01  -5.38800000e-01\n",
      "    3.61700000e-01]\n",
      " [ -8.87000000e-02  -2.08500000e-01   2.45700000e-01   1.27500000e-01\n",
      "   -1.19100000e-01  -3.12800000e-01   2.27500000e-01  -1.29900000e-01\n",
      "   -3.74400000e-01   1.10700000e-01   3.88500000e-01   2.58200000e-01\n",
      "   -5.66900000e-01]\n",
      " [ -7.98000000e-02  -1.93100000e-01   2.52900000e-01   1.98900000e-01\n",
      "    1.61000000e-02  -2.16700000e-01   3.33500000e-01   1.93700000e-01\n",
      "   -1.49000000e-01   3.95300000e-01  -2.29700000e-01   2.80000000e-01\n",
      "    5.89300000e-01]\n",
      " [ -7.25000000e-02  -1.79800000e-01   2.55100000e-01   2.54800000e-01\n",
      "    1.50200000e-01  -4.48000000e-02   2.55100000e-01   3.61200000e-01\n",
      "    2.65800000e-01   2.26000000e-02  -3.54100000e-01  -5.13600000e-01\n",
      "   -3.89700000e-01]\n",
      " [ -6.65000000e-02  -1.68000000e-01   2.54200000e-01   2.98200000e-01\n",
      "    2.76000000e-01   1.74200000e-01  -2.50000000e-03   2.01200000e-01\n",
      "    3.77000000e-01  -4.65300000e-01   4.36300000e-01   3.09400000e-01\n",
      "    1.48400000e-01]\n",
      " [ -6.14000000e-02  -1.57700000e-01   2.51300000e-01   3.31600000e-01\n",
      "    3.90100000e-01   4.18700000e-01  -4.12200000e-01  -3.71100000e-01\n",
      "   -3.02300000e-01   2.18800000e-01  -1.36300000e-01  -6.90000000e-02\n",
      "   -2.48000000e-02]]\n",
      "\n",
      "\n",
      "Matriz pela classe\n",
      "[[ -7.97900000e-01   5.53400000e-01   2.25600000e-01  -7.58000000e-02\n",
      "    2.23000000e-02  -5.80000000e-03  -1.40000000e-03   3.00000000e-04\n",
      "   -1.00000000e-04  -0.00000000e+00  -0.00000000e+00   0.00000000e+00\n",
      "   -0.00000000e+00]\n",
      " [ -3.98900000e-01  -2.29500000e-01  -6.38200000e-01   5.28100000e-01\n",
      "   -2.90600000e-01   1.24100000e-01   4.35000000e-02  -1.29000000e-02\n",
      "    3.20000000e-03   7.00000000e-04   1.00000000e-04  -0.00000000e+00\n",
      "    0.00000000e+00]\n",
      " [ -2.66000000e-01  -3.21700000e-01  -3.09800000e-01  -2.61200000e-01\n",
      "    5.66100000e-01  -4.90800000e-01  -2.86400000e-01   1.26900000e-01\n",
      "   -4.46000000e-02  -1.26000000e-02  -2.80000000e-03   5.00000000e-04\n",
      "   -1.00000000e-04]\n",
      " [ -1.99500000e-01  -3.17200000e-01  -7.04000000e-02  -4.10700000e-01\n",
      "    1.77500000e-01   3.32100000e-01   5.41400000e-01  -4.31700000e-01\n",
      "    2.34400000e-01   9.43000000e-02   2.86000000e-02  -6.30000000e-03\n",
      "    1.10000000e-03]\n",
      " [ -1.59600000e-01  -2.94200000e-01   7.18000000e-02  -3.33500000e-01\n",
      "   -1.74000000e-01   3.91700000e-01  -1.77000000e-02   4.45100000e-01\n",
      "   -5.07500000e-01  -3.30000000e-01  -1.44900000e-01   4.35000000e-02\n",
      "   -9.60000000e-03]\n",
      " [ -1.33000000e-01  -2.69300000e-01   1.54900000e-01  -2.02100000e-01\n",
      "   -3.23100000e-01   1.16200000e-01  -3.70500000e-01   2.19000000e-01\n",
      "    2.91800000e-01   5.21100000e-01   3.90900000e-01  -1.72400000e-01\n",
      "    5.03000000e-02]\n",
      " [ -1.14000000e-01  -2.46300000e-01   2.03100000e-01  -7.30000000e-02\n",
      "   -3.23900000e-01  -1.54000000e-01  -2.94800000e-01  -2.44600000e-01\n",
      "    3.40100000e-01  -1.70900000e-01  -5.17100000e-01   4.04400000e-01\n",
      "   -1.69200000e-01]\n",
      " [ -9.97000000e-02  -2.26100000e-01   2.30700000e-01   3.76000000e-02\n",
      "   -2.41100000e-01  -3.00600000e-01  -2.21000000e-02  -3.58300000e-01\n",
      "   -1.34600000e-01  -3.84500000e-01   1.40300000e-01  -5.26100000e-01\n",
      "    3.80100000e-01]\n",
      " [ -8.87000000e-02  -2.08500000e-01   2.45700000e-01   1.27500000e-01\n",
      "   -1.19100000e-01  -3.12800000e-01   2.27500000e-01  -1.29900000e-01\n",
      "   -3.74400000e-01   1.10700000e-01   3.88900000e-01   2.38700000e-01\n",
      "   -5.75100000e-01]\n",
      " [ -7.98000000e-02  -1.93100000e-01   2.52900000e-01   1.98900000e-01\n",
      "    1.61000000e-02  -2.16700000e-01   3.33500000e-01   1.93700000e-01\n",
      "   -1.49000000e-01   3.95300000e-01  -2.30000000e-01   3.00100000e-01\n",
      "    5.79200000e-01]\n",
      " [ -7.25000000e-02  -1.79800000e-01   2.55100000e-01   2.54800000e-01\n",
      "    1.50200000e-01  -4.48000000e-02   2.55100000e-01   3.61200000e-01\n",
      "    2.65800000e-01   2.26000000e-02  -3.53900000e-01  -5.26600000e-01\n",
      "   -3.72100000e-01]\n",
      " [ -6.65000000e-02  -1.68000000e-01   2.54200000e-01   2.98200000e-01\n",
      "    2.76000000e-01   1.74200000e-01  -2.50000000e-03   2.01200000e-01\n",
      "    3.77000000e-01  -4.65300000e-01   4.36200000e-01   3.14300000e-01\n",
      "    1.38000000e-01]\n",
      " [ -6.14000000e-02  -1.57700000e-01   2.51300000e-01   3.31600000e-01\n",
      "    3.90100000e-01   4.18700000e-01  -4.12200000e-01  -3.71100000e-01\n",
      "   -3.02300000e-01   2.18800000e-01  -1.36300000e-01  -6.98000000e-02\n",
      "   -2.25000000e-02]]\n",
      "\n",
      "\n",
      "Diferença\n",
      "[[ 0.      0.      0.      0.      0.     -0.      0.     -0.      0.     -0.\n",
      "   0.      0.      0.    ]\n",
      " [ 0.      0.     -0.      0.     -0.      0.      0.      0.     -0.      0.\n",
      "   0.     -0.     -0.    ]\n",
      " [ 0.      0.      0.     -0.      0.     -0.     -0.      0.      0.     -0.\n",
      "  -0.      0.      0.    ]\n",
      " [ 0.      0.     -0.      0.     -0.      0.      0.     -0.     -0.      0.\n",
      "   0.     -0.     -0.0002]\n",
      " [ 0.      0.      0.     -0.      0.     -0.     -0.      0.      0.     -0.\n",
      "  -0.      0.0003  0.0016]\n",
      " [ 0.      0.      0.     -0.      0.     -0.      0.     -0.      0.      0.\n",
      "   0.     -0.0016 -0.0062]\n",
      " [ 0.     -0.     -0.     -0.      0.     -0.      0.     -0.     -0.     -0.\n",
      "  -0.0001  0.0055  0.0143]\n",
      " [ 0.      0.     -0.      0.     -0.      0.      0.     -0.      0.      0.\n",
      "   0.0003 -0.0127 -0.0183]\n",
      " [ 0.      0.      0.     -0.      0.     -0.     -0.      0.     -0.     -0.\n",
      "  -0.0004  0.0196  0.0083]\n",
      " [ 0.      0.      0.     -0.      0.      0.      0.     -0.      0.      0.\n",
      "   0.0004 -0.02    0.0101]\n",
      " [ 0.      0.      0.      0.     -0.     -0.     -0.      0.     -0.     -0.\n",
      "  -0.0002  0.013  -0.0176]\n",
      " [ 0.      0.     -0.      0.      0.     -0.      0.     -0.      0.      0.\n",
      "   0.0001 -0.0049  0.0104]\n",
      " [ 0.     -0.     -0.      0.     -0.      0.      0.      0.     -0.     -0.\n",
      "  -0.      0.0008 -0.0023]]\n"
     ]
    }
   ],
   "source": [
    "print(\"Matriz pelo scipy\")\n",
    "print(Q.round(4))\n",
    "print('\\n')\n",
    "print(\"Matriz pela classe\")\n",
    "print(Q2.round(4))\n",
    "print('\\n')\n",
    "print(\"Diferença\")\n",
    "print((Q-Q2).round(4))"
   ]
  },
  {
   "cell_type": "code",
   "execution_count": 9,
   "metadata": {
    "scrolled": true
   },
   "outputs": [
    {
     "name": "stdout",
     "output_type": "stream",
     "text": [
      "Matriz pelo scipy\n",
      "[[ -1.25340000e+00  -7.40900000e-01  -5.43300000e-01  -4.34200000e-01\n",
      "   -3.63800000e-01  -3.14100000e-01  -2.76900000e-01  -2.47900000e-01\n",
      "   -2.24700000e-01  -2.05500000e-01  -1.89500000e-01  -1.75800000e-01\n",
      "   -1.64100000e-01]\n",
      " [  0.00000000e+00  -1.64600000e-01  -1.87200000e-01  -1.84500000e-01\n",
      "   -1.75600000e-01  -1.65500000e-01  -1.55600000e-01  -1.46300000e-01\n",
      "   -1.37900000e-01  -1.30300000e-01  -1.23400000e-01  -1.17100000e-01\n",
      "   -1.11500000e-01]\n",
      " [  0.00000000e+00   0.00000000e+00   1.52000000e-02   2.54000000e-02\n",
      "    3.15000000e-02   3.51000000e-02   3.71000000e-02   3.81000000e-02\n",
      "    3.84000000e-02   3.83000000e-02   3.79000000e-02   3.74000000e-02\n",
      "    3.67000000e-02]\n",
      " [  0.00000000e+00   0.00000000e+00   0.00000000e+00   1.20000000e-03\n",
      "    2.60000000e-03   3.90000000e-03   4.90000000e-03   5.80000000e-03\n",
      "    6.50000000e-03   7.00000000e-03   7.40000000e-03   7.70000000e-03\n",
      "    7.90000000e-03]\n",
      " [  0.00000000e+00   0.00000000e+00   0.00000000e+00   0.00000000e+00\n",
      "    1.00000000e-04   2.00000000e-04   4.00000000e-04   5.00000000e-04\n",
      "    7.00000000e-04   8.00000000e-04   1.00000000e-03   1.10000000e-03\n",
      "    1.20000000e-03]\n",
      " [  0.00000000e+00   0.00000000e+00   0.00000000e+00   0.00000000e+00\n",
      "    0.00000000e+00   0.00000000e+00   0.00000000e+00   0.00000000e+00\n",
      "    0.00000000e+00   1.00000000e-04   1.00000000e-04   1.00000000e-04\n",
      "    1.00000000e-04]\n",
      " [  0.00000000e+00   0.00000000e+00   0.00000000e+00   0.00000000e+00\n",
      "    0.00000000e+00   0.00000000e+00  -0.00000000e+00  -0.00000000e+00\n",
      "   -0.00000000e+00  -0.00000000e+00  -0.00000000e+00  -0.00000000e+00\n",
      "   -0.00000000e+00]\n",
      " [  0.00000000e+00   0.00000000e+00   0.00000000e+00   0.00000000e+00\n",
      "    0.00000000e+00   0.00000000e+00   0.00000000e+00  -0.00000000e+00\n",
      "   -0.00000000e+00  -0.00000000e+00  -0.00000000e+00  -0.00000000e+00\n",
      "   -0.00000000e+00]\n",
      " [  0.00000000e+00   0.00000000e+00   0.00000000e+00   0.00000000e+00\n",
      "    0.00000000e+00   0.00000000e+00   0.00000000e+00   0.00000000e+00\n",
      "   -0.00000000e+00  -0.00000000e+00  -0.00000000e+00  -0.00000000e+00\n",
      "   -0.00000000e+00]\n",
      " [  0.00000000e+00   0.00000000e+00   0.00000000e+00   0.00000000e+00\n",
      "    0.00000000e+00   0.00000000e+00   0.00000000e+00   0.00000000e+00\n",
      "    0.00000000e+00   0.00000000e+00   0.00000000e+00   0.00000000e+00\n",
      "    0.00000000e+00]\n",
      " [  0.00000000e+00   0.00000000e+00   0.00000000e+00   0.00000000e+00\n",
      "    0.00000000e+00   0.00000000e+00   0.00000000e+00   0.00000000e+00\n",
      "    0.00000000e+00   0.00000000e+00  -0.00000000e+00  -0.00000000e+00\n",
      "   -0.00000000e+00]\n",
      " [  0.00000000e+00   0.00000000e+00   0.00000000e+00   0.00000000e+00\n",
      "    0.00000000e+00   0.00000000e+00   0.00000000e+00   0.00000000e+00\n",
      "    0.00000000e+00   0.00000000e+00   0.00000000e+00  -0.00000000e+00\n",
      "   -0.00000000e+00]\n",
      " [  0.00000000e+00   0.00000000e+00   0.00000000e+00   0.00000000e+00\n",
      "    0.00000000e+00   0.00000000e+00   0.00000000e+00   0.00000000e+00\n",
      "    0.00000000e+00   0.00000000e+00   0.00000000e+00   0.00000000e+00\n",
      "   -0.00000000e+00]]\n",
      "\n",
      "\n",
      "Matriz pela classe\n",
      "[[ -1.25340000e+00  -7.40900000e-01  -5.43300000e-01  -4.34200000e-01\n",
      "   -3.63800000e-01  -3.14100000e-01  -2.76900000e-01  -2.47900000e-01\n",
      "   -2.24700000e-01  -2.05500000e-01  -1.89500000e-01  -1.75800000e-01\n",
      "   -1.64100000e-01]\n",
      " [  0.00000000e+00  -1.64600000e-01  -1.87200000e-01  -1.84500000e-01\n",
      "   -1.75600000e-01  -1.65500000e-01  -1.55600000e-01  -1.46300000e-01\n",
      "   -1.37900000e-01  -1.30300000e-01  -1.23400000e-01  -1.17100000e-01\n",
      "   -1.11500000e-01]\n",
      " [  0.00000000e+00  -0.00000000e+00   1.52000000e-02   2.54000000e-02\n",
      "    3.15000000e-02   3.51000000e-02   3.71000000e-02   3.81000000e-02\n",
      "    3.84000000e-02   3.83000000e-02   3.79000000e-02   3.74000000e-02\n",
      "    3.67000000e-02]\n",
      " [ -0.00000000e+00  -0.00000000e+00  -0.00000000e+00   1.20000000e-03\n",
      "    2.60000000e-03   3.90000000e-03   4.90000000e-03   5.80000000e-03\n",
      "    6.50000000e-03   7.00000000e-03   7.40000000e-03   7.70000000e-03\n",
      "    7.90000000e-03]\n",
      " [  0.00000000e+00   0.00000000e+00   0.00000000e+00  -0.00000000e+00\n",
      "    1.00000000e-04   2.00000000e-04   4.00000000e-04   5.00000000e-04\n",
      "    7.00000000e-04   8.00000000e-04   1.00000000e-03   1.10000000e-03\n",
      "    1.20000000e-03]\n",
      " [ -0.00000000e+00  -0.00000000e+00   0.00000000e+00   0.00000000e+00\n",
      "   -0.00000000e+00   0.00000000e+00   0.00000000e+00   0.00000000e+00\n",
      "    0.00000000e+00   1.00000000e-04   1.00000000e-04   1.00000000e-04\n",
      "    1.00000000e-04]\n",
      " [  0.00000000e+00  -0.00000000e+00  -0.00000000e+00  -0.00000000e+00\n",
      "    0.00000000e+00  -0.00000000e+00  -0.00000000e+00  -0.00000000e+00\n",
      "   -0.00000000e+00  -0.00000000e+00  -0.00000000e+00  -0.00000000e+00\n",
      "   -0.00000000e+00]\n",
      " [  0.00000000e+00  -0.00000000e+00   0.00000000e+00   0.00000000e+00\n",
      "   -0.00000000e+00   0.00000000e+00   0.00000000e+00  -0.00000000e+00\n",
      "   -0.00000000e+00  -0.00000000e+00  -0.00000000e+00  -0.00000000e+00\n",
      "   -0.00000000e+00]\n",
      " [  0.00000000e+00   0.00000000e+00  -0.00000000e+00  -0.00000000e+00\n",
      "    0.00000000e+00   0.00000000e+00   0.00000000e+00   0.00000000e+00\n",
      "   -0.00000000e+00  -0.00000000e+00  -0.00000000e+00  -0.00000000e+00\n",
      "   -0.00000000e+00]\n",
      " [  0.00000000e+00  -0.00000000e+00  -0.00000000e+00  -0.00000000e+00\n",
      "    0.00000000e+00   0.00000000e+00   0.00000000e+00   0.00000000e+00\n",
      "   -0.00000000e+00   0.00000000e+00   0.00000000e+00   0.00000000e+00\n",
      "    0.00000000e+00]\n",
      " [ -0.00000000e+00   0.00000000e+00   0.00000000e+00  -0.00000000e+00\n",
      "   -0.00000000e+00   0.00000000e+00   0.00000000e+00   0.00000000e+00\n",
      "    0.00000000e+00   0.00000000e+00  -0.00000000e+00  -0.00000000e+00\n",
      "   -0.00000000e+00]\n",
      " [  0.00000000e+00  -0.00000000e+00  -0.00000000e+00   0.00000000e+00\n",
      "   -0.00000000e+00  -0.00000000e+00  -0.00000000e+00   0.00000000e+00\n",
      "    0.00000000e+00  -0.00000000e+00   0.00000000e+00  -0.00000000e+00\n",
      "   -0.00000000e+00]\n",
      " [  0.00000000e+00  -0.00000000e+00  -0.00000000e+00  -0.00000000e+00\n",
      "   -0.00000000e+00   0.00000000e+00   0.00000000e+00  -0.00000000e+00\n",
      "   -0.00000000e+00  -0.00000000e+00   0.00000000e+00   0.00000000e+00\n",
      "    0.00000000e+00]]\n",
      "\n",
      "\n",
      "Diferença\n",
      "[[ 0. -0. -0. -0.  0. -0.  0.  0.  0.  0.  0. -0. -0.]\n",
      " [-0.  0.  0.  0.  0.  0.  0. -0.  0.  0.  0.  0.  0.]\n",
      " [-0.  0.  0.  0.  0.  0.  0.  0.  0. -0. -0.  0.  0.]\n",
      " [ 0.  0.  0. -0. -0. -0.  0.  0.  0.  0.  0.  0.  0.]\n",
      " [-0. -0. -0.  0. -0. -0. -0. -0. -0. -0. -0. -0. -0.]\n",
      " [ 0.  0. -0. -0.  0.  0.  0.  0.  0.  0.  0.  0.  0.]\n",
      " [-0.  0.  0.  0. -0.  0. -0. -0. -0. -0. -0. -0. -0.]\n",
      " [-0.  0. -0. -0.  0. -0. -0. -0. -0. -0. -0. -0. -0.]\n",
      " [-0. -0.  0.  0. -0. -0. -0. -0. -0. -0. -0. -0. -0.]\n",
      " [-0.  0.  0.  0. -0. -0. -0. -0.  0. -0. -0. -0. -0.]\n",
      " [ 0. -0. -0.  0.  0. -0. -0. -0. -0. -0.  0.  0. -0.]\n",
      " [-0.  0.  0. -0.  0.  0.  0. -0. -0.  0. -0. -0. -0.]\n",
      " [-0.  0.  0.  0.  0. -0. -0.  0.  0.  0. -0. -0. -0.]]\n"
     ]
    }
   ],
   "source": [
    "print(\"Matriz pelo scipy\")\n",
    "print(R.round(4))\n",
    "print('\\n')\n",
    "print(\"Matriz pela classe\")\n",
    "print(R2.round(4))\n",
    "print('\\n')\n",
    "print(\"Diferença\")\n",
    "print((R-R2).round(4))"
   ]
  },
  {
   "cell_type": "markdown",
   "metadata": {},
   "source": [
    "# Testando propriedades de Q"
   ]
  },
  {
   "cell_type": "code",
   "execution_count": 10,
   "metadata": {},
   "outputs": [
    {
     "data": {
      "text/plain": [
       "array([[ 1.,  0.,  0.,  0.,  0.,  0., -0.,  0.,  0.,  0.,  0.,  0.,  0.],\n",
       "       [ 0.,  1.,  0., -0., -0., -0., -0.,  0., -0.,  0., -0.,  0., -0.],\n",
       "       [ 0.,  0.,  1.,  0., -0., -0., -0.,  0.,  0.,  0.,  0., -0., -0.],\n",
       "       [ 0., -0.,  0.,  1., -0.,  0.,  0., -0., -0., -0., -0.,  0.,  0.],\n",
       "       [ 0., -0., -0., -0.,  1., -0., -0., -0.,  0.,  0.,  0., -0.,  0.],\n",
       "       [ 0., -0., -0.,  0., -0.,  1.,  0.,  0., -0.,  0., -0.,  0., -0.],\n",
       "       [-0., -0., -0.,  0., -0.,  0.,  1., -0.,  0.,  0.,  0., -0., -0.],\n",
       "       [ 0.,  0.,  0., -0., -0.,  0., -0.,  1., -0.,  0.,  0., -0., -0.],\n",
       "       [ 0., -0.,  0., -0.,  0., -0.,  0., -0.,  1., -0., -0.,  0.,  0.],\n",
       "       [ 0.,  0.,  0., -0.,  0.,  0.,  0.,  0., -0.,  1.,  0., -0.,  0.],\n",
       "       [ 0., -0.,  0., -0.,  0., -0.,  0.,  0., -0.,  0.,  1.,  0., -0.],\n",
       "       [ 0.,  0., -0.,  0., -0.,  0., -0., -0.,  0., -0.,  0.,  1.,  0.],\n",
       "       [ 0.,  0., -0.,  0.,  0., -0., -0., -0.,  0.,  0., -0.,  0.,  1.]])"
      ]
     },
     "execution_count": 10,
     "metadata": {},
     "output_type": "execute_result"
    }
   ],
   "source": [
    "np.dot(Q,utils.transposta(Q)).round(4)"
   ]
  },
  {
   "cell_type": "markdown",
   "metadata": {
    "collapsed": true
   },
   "source": [
    "# Nossa fatoração está boa"
   ]
  },
  {
   "cell_type": "markdown",
   "metadata": {},
   "source": [
    "# Testando a resolução de sistema linear"
   ]
  },
  {
   "cell_type": "code",
   "execution_count": 17,
   "metadata": {},
   "outputs": [
    {
     "data": {
      "text/plain": [
       "<module 'householder' from 'C:\\\\Users\\\\Hideki\\\\Desktop\\\\Github\\\\unicamp\\\\MS512\\\\lib\\\\householder.py'>"
      ]
     },
     "execution_count": 17,
     "metadata": {},
     "output_type": "execute_result"
    }
   ],
   "source": [
    "import utils\n",
    "import householder as hh\n",
    "\n",
    "import importlib\n",
    "import numpy as np\n",
    "importlib.reload(utils)\n",
    "importlib.reload(hh)"
   ]
  },
  {
   "cell_type": "code",
   "execution_count": 102,
   "metadata": {},
   "outputs": [
    {
     "data": {
      "text/plain": [
       "array([[ 1.        ,  0.5       ,  0.33333333],\n",
       "       [ 0.5       ,  0.33333333,  0.25      ],\n",
       "       [ 0.33333333,  0.25      ,  0.2       ]])"
      ]
     },
     "execution_count": 102,
     "metadata": {},
     "output_type": "execute_result"
    }
   ],
   "source": [
    "i = 3\n",
    "H = utils.getHilbert(i)\n",
    "H"
   ]
  },
  {
   "cell_type": "code",
   "execution_count": 93,
   "metadata": {
    "collapsed": true
   },
   "outputs": [],
   "source": [
    "house = hh.HouseHolder(H)"
   ]
  },
  {
   "cell_type": "code",
   "execution_count": 94,
   "metadata": {},
   "outputs": [
    {
     "data": {
      "text/plain": [
       "array([[  2.50000000e+01,  -3.00000000e+02,   1.05000000e+03,\n",
       "         -1.40000000e+03,   6.30000000e+02],\n",
       "       [ -3.00000000e+02,   4.80000000e+03,  -1.89000000e+04,\n",
       "          2.68800000e+04,  -1.26000000e+04],\n",
       "       [  1.05000000e+03,  -1.89000000e+04,   7.93800000e+04,\n",
       "         -1.17600000e+05,   5.67000000e+04],\n",
       "       [ -1.40000000e+03,   2.68800000e+04,  -1.17600000e+05,\n",
       "          1.79200000e+05,  -8.82000000e+04],\n",
       "       [  6.30000000e+02,  -1.26000000e+04,   5.67000000e+04,\n",
       "         -8.82000000e+04,   4.41000000e+04]])"
      ]
     },
     "execution_count": 94,
     "metadata": {},
     "output_type": "execute_result"
    }
   ],
   "source": [
    "inv_house = house.resolve_sistema(np.eye(i))\n",
    "inv_house"
   ]
  },
  {
   "cell_type": "code",
   "execution_count": 101,
   "metadata": {},
   "outputs": [
    {
     "data": {
      "text/plain": [
       "array([[  1.00000000e+00,   0.00000000e+00,  -0.00000000e+00,\n",
       "          1.00000000e-11,  -0.00000000e+00],\n",
       "       [ -0.00000000e+00,   1.00000000e+00,  -0.00000000e+00,\n",
       "          1.00000000e-11,  -0.00000000e+00],\n",
       "       [ -0.00000000e+00,   0.00000000e+00,   1.00000000e+00,\n",
       "          0.00000000e+00,  -0.00000000e+00],\n",
       "       [ -0.00000000e+00,   0.00000000e+00,   0.00000000e+00,\n",
       "          1.00000000e+00,  -0.00000000e+00],\n",
       "       [ -0.00000000e+00,  -0.00000000e+00,   0.00000000e+00,\n",
       "          0.00000000e+00,   1.00000000e+00]])"
      ]
     },
     "execution_count": 101,
     "metadata": {},
     "output_type": "execute_result"
    }
   ],
   "source": [
    "np.dot(H,inv_house).round(11)"
   ]
  },
  {
   "cell_type": "code",
   "execution_count": 22,
   "metadata": {
    "collapsed": true
   },
   "outputs": [],
   "source": [
    "Q, R = scipy.linalg.qr(H)"
   ]
  },
  {
   "cell_type": "code",
   "execution_count": 23,
   "metadata": {
    "scrolled": true
   },
   "outputs": [
    {
     "name": "stdout",
     "output_type": "stream",
     "text": [
      "[[-0.8265843   0.53335463 -0.17530535  0.03910207  0.00550474]\n",
      " [-0.41329215 -0.37405354  0.7172624  -0.40334521 -0.11009471]\n",
      " [-0.2755281  -0.46294598  0.05766473  0.67896462  0.49542619]\n",
      " [-0.20664607 -0.44331911 -0.35262561  0.20615371 -0.77066296]\n",
      " [-0.16531686 -0.40591376 -0.57195511 -0.57644719  0.38533148]]\n",
      "\n",
      "\n",
      "[[ -1.20979796e+00  -6.88820248e-01  -4.92014463e-01  -3.85411329e-01\n",
      "   -3.17759341e-01]\n",
      " [  0.00000000e+00  -1.30059810e-01  -1.40191904e-01  -1.32700236e-01\n",
      "   -1.22322889e-01]\n",
      " [  0.00000000e+00   0.00000000e+00  -8.06537859e-03  -1.26325450e-02\n",
      "   -1.49082870e-02]\n",
      " [  0.00000000e+00   0.00000000e+00   0.00000000e+00  -3.38121669e-04\n",
      "   -6.89314703e-04]\n",
      " [  0.00000000e+00   0.00000000e+00   0.00000000e+00   0.00000000e+00\n",
      "    8.73767527e-06]]\n"
     ]
    }
   ],
   "source": [
    "print(Q)\n",
    "print('\\n')\n",
    "print(R)"
   ]
  },
  {
   "cell_type": "code",
   "execution_count": 24,
   "metadata": {},
   "outputs": [
    {
     "data": {
      "text/plain": [
       "array([[  2.50000000e+01,  -3.00000000e+02,   1.05000000e+03,\n",
       "         -1.40000000e+03,   6.30000000e+02],\n",
       "       [ -3.00000000e+02,   4.80000000e+03,  -1.89000000e+04,\n",
       "          2.68800000e+04,  -1.26000000e+04],\n",
       "       [  1.05000000e+03,  -1.89000000e+04,   7.93800000e+04,\n",
       "         -1.17600000e+05,   5.67000000e+04],\n",
       "       [ -1.40000000e+03,   2.68800000e+04,  -1.17600000e+05,\n",
       "          1.79200000e+05,  -8.82000000e+04],\n",
       "       [  6.30000000e+02,  -1.26000000e+04,   5.67000000e+04,\n",
       "         -8.82000000e+04,   4.41000000e+04]])"
      ]
     },
     "execution_count": 24,
     "metadata": {},
     "output_type": "execute_result"
    }
   ],
   "source": [
    "inf = np.linalg.solve(R, np.dot(utils.transposta(Q),np.eye(i)))\n",
    "inf"
   ]
  },
  {
   "cell_type": "code",
   "execution_count": 25,
   "metadata": {},
   "outputs": [
    {
     "data": {
      "text/plain": [
       "array([[ 1.,  0., -0.,  0., -0.],\n",
       "       [ 0.,  1.,  0., -0.,  0.],\n",
       "       [ 0., -0.,  1.,  0.,  0.],\n",
       "       [ 0., -0.,  0.,  1.,  0.],\n",
       "       [ 0., -0.,  0., -0.,  1.]])"
      ]
     },
     "execution_count": 25,
     "metadata": {},
     "output_type": "execute_result"
    }
   ],
   "source": [
    "np.dot(H,inf).round(4)"
   ]
  },
  {
   "cell_type": "code",
   "execution_count": 26,
   "metadata": {},
   "outputs": [
    {
     "data": {
      "text/plain": [
       "array([[  2.50000000e+01,  -3.00000000e+02,   1.05000000e+03,\n",
       "         -1.40000000e+03,   6.30000000e+02],\n",
       "       [ -3.00000000e+02,   4.80000000e+03,  -1.89000000e+04,\n",
       "          2.68800000e+04,  -1.26000000e+04],\n",
       "       [  1.05000000e+03,  -1.89000000e+04,   7.93800000e+04,\n",
       "         -1.17600000e+05,   5.67000000e+04],\n",
       "       [ -1.40000000e+03,   2.68800000e+04,  -1.17600000e+05,\n",
       "          1.79200000e+05,  -8.82000000e+04],\n",
       "       [  6.30000000e+02,  -1.26000000e+04,   5.67000000e+04,\n",
       "         -8.82000000e+04,   4.41000000e+04]])"
      ]
     },
     "execution_count": 26,
     "metadata": {},
     "output_type": "execute_result"
    }
   ],
   "source": [
    "invof = np.linalg.solve(H,np.eye(i)) \n",
    "invof"
   ]
  },
  {
   "cell_type": "code",
   "execution_count": 27,
   "metadata": {},
   "outputs": [
    {
     "data": {
      "text/plain": [
       "array([[ 1., -0.,  0.,  0., -0.],\n",
       "       [ 0.,  1., -0., -0., -0.],\n",
       "       [ 0., -0.,  1.,  0.,  0.],\n",
       "       [ 0., -0.,  0.,  1.,  0.],\n",
       "       [-0.,  0., -0.,  0.,  1.]])"
      ]
     },
     "execution_count": 27,
     "metadata": {},
     "output_type": "execute_result"
    }
   ],
   "source": [
    "np.dot(H,invof).round(4)"
   ]
  },
  {
   "cell_type": "markdown",
   "metadata": {
    "collapsed": true
   },
   "source": [
    "# Número de condicionamento"
   ]
  },
  {
   "cell_type": "code",
   "execution_count": 51,
   "metadata": {},
   "outputs": [
    {
     "data": {
      "text/plain": [
       "array([[  1.00000000e+00,   5.00000000e-01,   3.33333333e-01, ...,\n",
       "          1.00200401e-03,   1.00100100e-03,   1.00000000e-03],\n",
       "       [  5.00000000e-01,   3.33333333e-01,   2.50000000e-01, ...,\n",
       "          1.00100100e-03,   1.00000000e-03,   9.99000999e-04],\n",
       "       [  3.33333333e-01,   2.50000000e-01,   2.00000000e-01, ...,\n",
       "          1.00000000e-03,   9.99000999e-04,   9.98003992e-04],\n",
       "       ..., \n",
       "       [  1.00200401e-03,   1.00100100e-03,   1.00000000e-03, ...,\n",
       "          5.01253133e-04,   5.01002004e-04,   5.00751127e-04],\n",
       "       [  1.00100100e-03,   1.00000000e-03,   9.99000999e-04, ...,\n",
       "          5.01002004e-04,   5.00751127e-04,   5.00500501e-04],\n",
       "       [  1.00000000e-03,   9.99000999e-04,   9.98003992e-04, ...,\n",
       "          5.00751127e-04,   5.00500501e-04,   5.00250125e-04]])"
      ]
     },
     "execution_count": 51,
     "metadata": {},
     "output_type": "execute_result"
    }
   ],
   "source": [
    "importlib.reload(utils)\n",
    "i = 1000\n",
    "H = utils.getHilbert(i)\n",
    "H"
   ]
  },
  {
   "cell_type": "code",
   "execution_count": null,
   "metadata": {},
   "outputs": [],
   "source": [
    "house = hh.HouseHolder(H)\n",
    "inv_house = house.resolve_sistema(np.eye(i))\n",
    "inv_house"
   ]
  },
  {
   "cell_type": "code",
   "execution_count": null,
   "metadata": {},
   "outputs": [],
   "source": [
    "np.dot(H,inv_house)"
   ]
  },
  {
   "cell_type": "code",
   "execution_count": null,
   "metadata": {
    "collapsed": true
   },
   "outputs": [],
   "source": [
    "Q, R = house.getQR(H)"
   ]
  },
  {
   "cell_type": "code",
   "execution_count": null,
   "metadata": {},
   "outputs": [],
   "source": [
    "Q"
   ]
  },
  {
   "cell_type": "code",
   "execution_count": null,
   "metadata": {
    "scrolled": true
   },
   "outputs": [],
   "source": [
    "R"
   ]
  },
  {
   "cell_type": "code",
   "execution_count": null,
   "metadata": {},
   "outputs": [],
   "source": [
    "np.dot(utils.transposta(Q),Q).round(4)"
   ]
  },
  {
   "cell_type": "code",
   "execution_count": 44,
   "metadata": {},
   "outputs": [
    {
     "data": {
      "text/plain": [
       "3.9859338317128876e+19"
      ]
     },
     "execution_count": 44,
     "metadata": {},
     "output_type": "execute_result"
    }
   ],
   "source": [
    "K1 = utils.norma_mat1(inv_house)*utils.norma_mat1(H)\n",
    "K1"
   ]
  },
  {
   "cell_type": "code",
   "execution_count": 45,
   "metadata": {},
   "outputs": [
    {
     "data": {
      "text/plain": [
       "5.1873775176396206"
      ]
     },
     "execution_count": 45,
     "metadata": {},
     "output_type": "execute_result"
    }
   ],
   "source": [
    "utils.norma_mat1(H[:,0])"
   ]
  },
  {
   "cell_type": "code",
   "execution_count": 46,
   "metadata": {},
   "outputs": [
    {
     "data": {
      "text/plain": [
       "5.1873775176396206"
      ]
     },
     "execution_count": 46,
     "metadata": {},
     "output_type": "execute_result"
    }
   ],
   "source": [
    "sum([np.abs(v) for v in H[:,0]])"
   ]
  },
  {
   "cell_type": "code",
   "execution_count": 47,
   "metadata": {},
   "outputs": [
    {
     "name": "stdout",
     "output_type": "stream",
     "text": [
      "\n",
      "K1 é maior que a coluna 0 pela coluna 1, K1 vale 3.985933831712888e+19 e cond vale 1.2359\n",
      "\n",
      "\n",
      "K1 é maior que a coluna 0 pela coluna 2, K1 vale 3.985933831712888e+19 e cond vale 1.3993\n",
      "\n",
      "\n",
      "K1 é maior que a coluna 0 pela coluna 3, K1 vale 3.985933831712888e+19 e cond vale 1.5332\n",
      "\n",
      "\n",
      "K1 é maior que a coluna 0 pela coluna 4, K1 vale 3.985933831712888e+19 e cond vale 1.6504\n",
      "\n",
      "\n",
      "K1 é maior que a coluna 0 pela coluna 5, K1 vale 3.985933831712888e+19 e cond vale 1.7569\n",
      "\n",
      "\n",
      "K1 é maior que a coluna 0 pela coluna 6, K1 vale 3.985933831712888e+19 e cond vale 1.8557\n",
      "\n",
      "\n",
      "K1 é maior que a coluna 0 pela coluna 7, K1 vale 3.985933831712888e+19 e cond vale 1.9488\n",
      "\n",
      "\n",
      "K1 é maior que a coluna 0 pela coluna 8, K1 vale 3.985933831712888e+19 e cond vale 2.0374\n",
      "\n",
      "\n",
      "K1 é maior que a coluna 0 pela coluna 9, K1 vale 3.985933831712888e+19 e cond vale 2.1223\n",
      "\n",
      "\n",
      "K1 é maior que a coluna 0 pela coluna 10, K1 vale 3.985933831712888e+19 e cond vale 2.2043\n",
      "\n",
      "\n",
      "K1 é maior que a coluna 0 pela coluna 11, K1 vale 3.985933831712888e+19 e cond vale 2.2838\n",
      "\n",
      "\n",
      "K1 é maior que a coluna 0 pela coluna 12, K1 vale 3.985933831712888e+19 e cond vale 2.3612\n",
      "\n",
      "\n",
      "K1 é maior que a coluna 0 pela coluna 13, K1 vale 3.985933831712888e+19 e cond vale 2.4367\n",
      "\n",
      "\n",
      "K1 é maior que a coluna 0 pela coluna 14, K1 vale 3.985933831712888e+19 e cond vale 2.5106\n",
      "\n",
      "\n",
      "K1 é maior que a coluna 0 pela coluna 15, K1 vale 3.985933831712888e+19 e cond vale 2.583\n",
      "\n",
      "\n",
      "K1 é maior que a coluna 0 pela coluna 16, K1 vale 3.985933831712888e+19 e cond vale 2.6542\n",
      "\n",
      "\n",
      "K1 é maior que a coluna 0 pela coluna 17, K1 vale 3.985933831712888e+19 e cond vale 2.7243\n",
      "\n",
      "\n",
      "K1 é maior que a coluna 0 pela coluna 18, K1 vale 3.985933831712888e+19 e cond vale 2.7934\n",
      "\n",
      "\n",
      "K1 é maior que a coluna 0 pela coluna 19, K1 vale 3.985933831712888e+19 e cond vale 2.8615\n",
      "\n",
      "\n",
      "K1 é maior que a coluna 0 pela coluna 20, K1 vale 3.985933831712888e+19 e cond vale 2.9289\n",
      "\n",
      "\n",
      "K1 é maior que a coluna 0 pela coluna 21, K1 vale 3.985933831712888e+19 e cond vale 2.9954\n",
      "\n",
      "\n",
      "K1 é maior que a coluna 0 pela coluna 22, K1 vale 3.985933831712888e+19 e cond vale 3.0613\n",
      "\n",
      "\n",
      "K1 é maior que a coluna 0 pela coluna 23, K1 vale 3.985933831712888e+19 e cond vale 3.1265\n",
      "\n",
      "\n",
      "K1 é maior que a coluna 0 pela coluna 24, K1 vale 3.985933831712888e+19 e cond vale 3.1911\n",
      "\n",
      "\n",
      "K1 é maior que a coluna 0 pela coluna 25, K1 vale 3.985933831712888e+19 e cond vale 3.2552\n",
      "\n",
      "\n",
      "K1 é maior que a coluna 0 pela coluna 26, K1 vale 3.985933831712888e+19 e cond vale 3.3188\n",
      "\n",
      "\n",
      "K1 é maior que a coluna 0 pela coluna 27, K1 vale 3.985933831712888e+19 e cond vale 3.3819\n",
      "\n",
      "\n",
      "K1 é maior que a coluna 0 pela coluna 28, K1 vale 3.985933831712888e+19 e cond vale 3.4445\n",
      "\n",
      "\n",
      "K1 é maior que a coluna 0 pela coluna 29, K1 vale 3.985933831712888e+19 e cond vale 3.5068\n",
      "\n",
      "\n",
